# Created by Octave 4.4.1, Fri Sep 21 11:52:02 2018 JST <ryoichikira@ryoichinoMacBook-Pro.local>
# name: v
# type: matrix
# rows: 5
# columns: 1
 3456
 4543
 2345
 3453
 4543


